1
6
26
35
41
43
47
62
65
67
69
81
105
109
122
124
126
131
136
140
143
168
175
179
183
186
226
228
237
261
265
268
269
281
281
284
285
297
303
304
310
318
325
328
330
346
364
364
368
371
375
379
380
385
387
392
410
426
426
435
454
459
459
461
465
486
489
492
500
506
532
544
544
550
570
571
614
639
640
641
647
656
661
661
669
683
687
703
746
752
761
798
799
816
820
824
827
827
840
866
905
908
909
924
943
957
959
963
972
976
985
991
993
996
997
1002
1005
1016
1032
1034
1050
1063
1069
1069
1086
1134
1145
1161
1167
1168
1193
1208
1224
1234
1257
1260
1260
1268
1268
1275
1284
1288
1301
1310
1318
1333
1335
1336
1348
1371
1387
1389
1391
1393
1400
1403
1408
1408
1415
1419
1420
1434
1475
1488
1490
1496
1500
1515
1521
1532
1535
1535
1537
1542
1554
1559
1562
1562
1569
1571
1577
1596
1600
1607
1622
1629
1653
1657
1661
1665
1675
1682
1683
1692
1698
1704
1713
1747
1756
1758
1764
1781
1782
1800
1802
1810
1826
1831
1833
1846
1861
1893
1901
1919
1923
1929
1937
1938
1942
1952
1980
1988
1992
2030
2034
2037
2049
2067
2081
2084
2089
2098
2107
2113
2142
2145
2152
2155
2174
2186
2192
2216
2232
2235
2262
2270
2280
2284
2300
2311
2330
2344
2347
2352
2356
2358
2359
2403
2419
2434
2437
2439
2450
2455
2462
2468
2473
2476
2480
2494
2498
2505
2523
2532
2573
2615
2626
2635
2650
2660
2663
2667
2691
2695
2696
2696
2698
2704
2729
2745
2746
2747
2779
2783
2784
2808
2818
2841
2868
2881
2891
2903
2909
2917
2922
2923
2949
2964
2970
2978
2981
2988
3018
3034
3043
3052
3060
3060
3087
3091
3099
3102
3108
3112
3117
3126
3134
3142
3145
3148
3161
3182
3183
3191
3208
3209
3210
3215
3223
3239
3262
3282
3282
3282
3293
3319
3326
3335
3340
3343
3344
3351
3362
3362
3376
3385
3393
3393
3409
3413
3421
3432
3434
3444
3445
3448
3469
3471
3510
3526
3535
3538
3563
3576
3582
3582
3586
3592
3608
3615
3623
3631
3636
3644
3647
3663
3669
3675
3677
3693
3698
3737
3764
3785
3795
3807
3809
3816
3832
3852
3869
3876
3879
3895
3910
3931
3939
3950
3958
3974
3986
3994
4005
4014
4016
4074
4075
4108
4109
4121
4130
4138
4145
4166
4170
4171
4195
4197
4197
4205
4214
4215
4236
4242
4245
4262
4264
4275
4281
4287
4311
4315
4324
4328
4351
4353
4372
4378
4380
4396
4408
4409
4442
4448
4458
4465
4489
4502
4503
4550
4569
4573
4587
4590
4632
4647
4656
4659
4669
4670
4682
4686
4686
4701
4718
4724
4732
4733
4735
4737
4743
4756
4758
4762
4780
4785
4814
4819
4861
4863
4870
4888
4901
4912
4928
4935
4938
4945
4948
4972
4978
4979
4988
5003
5003
5019
5024
5037
5058
5077
5092
5107
5111
5113
5131
5143
5147
5154
5155
5160
5171
5173
5176
5176
5189
5201
5211
5219
5232
5232
5237
5238
5244
5246
5251
5254
5259
5272
5284
5298
5300
5303
5304
5305
5326
5358
5363
5365
5369
5371
5379
5381
5385
5389
5399
5424
5447
5456
5496
5502
5509
5566
5570
5580
5592
5612
5615
5630
5639
5642
5654
5674
5719
5727
5738
5750
5758
5767
5772
5790
5808
5824
5840
5850
5880
5903
5921
5922
5931
5944
5947
5953
5969
5992
5993
6015
6034
6068
6072
6074
6075
6089
6092
6092
6102
6104
6114
6128
6132
6138
6140
6156
6176
6179
6193
6199
6200
6201
6211
6218
6222
6222
6232
6236
6294
6302
6313
6325
6329
6332
6333
6344
6346
6369
6384
6399
6437
6439
6447
6451
6457
6463
6489
6511
6513
6515
6518
6522
6524
6529
6534
6535
6558
6571
6582
6584
6587
6588
6592
6593
6620
6625
6631
6651
6657
6669
6676
6684
6688
6694
6714
6716
6726
6731
6735
6736
6784
6785
6788
6798
6805
6806
6810
6818
6827
6829
6853
6857
6859
6867
6871
6882
6901
6905
6923
6944
6951
6956
6982
6986
7034
7035
7060
7071
7093
7101
7103
7108
7110
7110
7115
7122
7125
7139
7146
7166
7187
7192
7202
7216
7222
7234
7241
7271
7275
7276
7279
7290
7304
7318
7329
7333
7336
7339
7352
7352
7354
7355
7360
7361
7386
7395
7401
7419
7430
7437
7450
7454
7456
7469
7478
7481
7534
7535
7546
7557
7563
7582
7600
7601
7614
7654
7667
7691
7693
7696
7721
7741
7746
7750
7751
7752
7754
7767
7774
7810
7820
7826
7827
7828
7837
7840
7841
7846
7847
7852
7883
7900
7900
7912
7917
7922
7922
7931
7948
7956
7966
7983
8002
8017
8022
8025
8027
8035
8035
8044
8045
8055
8076
8082
8089
8103
8104
8124
8132
8152
8159
8167
8177
8226
8265
8267
8271
8271
8273
8283
8287
8289
8297
8303
8321
8331
8333
8365
8365
8373
8384
8384
8387
8398
8401
8415
8422
8425
8425
8427
8427
8458
8473
8480
8493
8500
8533
8540
8571
8573
8578
8596
8603
8633
8634
8643
8654
8666
8666
8672
8674
8674
8687
8715
8716
8719
8729
8736
8739
8746
8748
8759
8770
8772
8811
8821
8822
8822
8830
8836
8847
8863
8874
8881
8918
8932
8944
8966
8984
8994
9002
9013
9020
9032
9040
9048
9068
9068
9079
9079
9124
9150
9157
9168
9173
9193
9194
9198
9200
9206
9207
9207
9208
9226
9228
9231
9231
9242
9275
9284
9307
9321
9321
9322
9323
9325
9329
9351
9352
9355
9363
9370
9373
9378
9382
9385
9385
9426
9440
9441
9442
9450
9458
9463
9476
9488
9516
9516
9523
9528
9529
9533
9538
9549
9563
9565
9578
9579
9580
9590
9633
9665
9672
9673
9685
9695
9702
9723
9738
9742
9764
9782
9785
9787
9808
9811
9815
9819
9826
9840
9861
9876
9879
9919
9920
9921
9924
9925
9946
9954
9957
9972
9985
9986
